mcnp       5     09/10/13 13:02:39     2       49458       81362257
 c title                                                                        
ntal     0

kcode  100   20   19
 4.79526E-01 4.82846E-01 4.65060E-01 2.05251E+04 2.08458E+04
 0.00000E+00 0.00000E+00 0.00000E+00 0.00000E+00 0.00000E+00
 0.00000E+00 0.00000E+00 0.00000E+00 4.58331E-01 9.93598E-04
 0.00000E+00 0.00000E+00 5.00000E+02 0.00000E+00
 4.86082E-01 4.54419E-01 4.85185E-01 2.11018E+04 2.11932E+04
 0.00000E+00 0.00000E+00 0.00000E+00 0.00000E+00 0.00000E+00
 0.00000E+00 0.00000E+00 0.00000E+00 4.58201E-01 9.93257E-04
 0.00000E+00 0.00000E+00 2.29000E+02 0.00000E+00
 4.74173E-01 4.78079E-01 4.67683E-01 2.10310E+04 2.09849E+04
 0.00000E+00 0.00000E+00 0.00000E+00 0.00000E+00 0.00000E+00
 0.00000E+00 0.00000E+00 0.00000E+00 4.57948E-01 9.81765E-04
 0.00000E+00 0.00000E+00 5.05000E+02 0.00000E+00
 4.60398E-01 4.18829E-01 4.67240E-01 2.10660E+04 2.13638E+04
 0.00000E+00 0.00000E+00 0.00000E+00 0.00000E+00 0.00000E+00
 0.00000E+00 0.00000E+00 0.00000E+00 4.57812E-01 9.81499E-04
 0.00000E+00 0.00000E+00 4.84000E+02 0.00000E+00
 4.70172E-01 4.81246E-01 4.40363E-01 1.97505E+04 1.95614E+04
 0.00000E+00 0.00000E+00 0.00000E+00 0.00000E+00 0.00000E+00
 0.00000E+00 0.00000E+00 0.00000E+00 4.57843E-01 9.95054E-04
 0.00000E+00 0.00000E+00 4.72000E+02 0.00000E+00
 4.73309E-01 4.14544E-01 4.89263E-01 2.28898E+04 2.28050E+04
 0.00000E+00 0.00000E+00 0.00000E+00 0.00000E+00 0.00000E+00
 0.00000E+00 0.00000E+00 0.00000E+00 4.57867E-01 1.00390E-03
 0.00000E+00 0.00000E+00 4.82000E+02 0.00000E+00
 4.73273E-01 4.80139E-01 4.43211E-01 1.91157E+04 1.91216E+04
 0.00000E+00 0.00000E+00 0.00000E+00 0.00000E+00 0.00000E+00
 0.00000E+00 0.00000E+00 0.00000E+00 4.57665E-01 1.01129E-03
 0.00000E+00 0.00000E+00 4.92000E+02 0.00000E+00
 4.49410E-01 4.43052E-01 4.58039E-01 2.10330E+04 2.07807E+04
 0.00000E+00 0.00000E+00 0.00000E+00 0.00000E+00 0.00000E+00
 0.00000E+00 0.00000E+00 0.00000E+00 4.57672E-01 1.02117E-03
 0.00000E+00 0.00000E+00 5.16000E+02 0.00000E+00
 4.60252E-01 4.39013E-01 4.61134E-01 2.10763E+04 2.04139E+04
 0.00000E+00 0.00000E+00 0.00000E+00 0.00000E+00 0.00000E+00
 0.00000E+00 0.00000E+00 0.00000E+00 4.57727E-01 1.03228E-03
 0.00000E+00 0.00000E+00 4.55000E+02 0.00000E+00
 4.30683E-01 5.10656E-01 4.36819E-01 1.99348E+04 1.98106E+04
 0.00000E+00 0.00000E+00 0.00000E+00 0.00000E+00 0.00000E+00
 0.00000E+00 0.00000E+00 0.00000E+00 4.57744E-01 1.04608E-03
 0.00000E+00 0.00000E+00 4.81000E+02 0.00000E+00
 4.57717E-01 4.28095E-01 4.85372E-01 2.15463E+04 2.16544E+04
 0.00000E+00 0.00000E+00 0.00000E+00 0.00000E+00 0.00000E+00
 0.00000E+00 0.00000E+00 0.00000E+00 4.57782E-01 1.04964E-03
 0.00000E+00 0.00000E+00 4.81000E+02 0.00000E+00
 4.48307E-01 4.73095E-01 4.55035E-01 1.97725E+04 1.96765E+04
 0.00000E+00 0.00000E+00 0.00000E+00 0.00000E+00 0.00000E+00
 0.00000E+00 0.00000E+00 0.00000E+00 4.57619E-01 1.05922E-03
 0.00000E+00 0.00000E+00 5.30000E+02 0.00000E+00
 4.63209E-01 4.63469E-01 4.47842E-01 2.00528E+04 2.01945E+04
 0.00000E+00 0.00000E+00 0.00000E+00 0.00000E+00 0.00000E+00
 0.00000E+00 0.00000E+00 0.00000E+00 4.57625E-01 1.07000E-03
 0.00000E+00 0.00000E+00 5.03000E+02 0.00000E+00
 4.55620E-01 4.67407E-01 4.49280E-01 2.05544E+04 2.03419E+04
 0.00000E+00 0.00000E+00 0.00000E+00 0.00000E+00 0.00000E+00
 0.00000E+00 0.00000E+00 0.00000E+00 4.57664E-01 1.08117E-03
 0.00000E+00 0.00000E+00 5.30000E+02 0.00000E+00
 4.56238E-01 4.65285E-01 4.60975E-01 2.05662E+04 2.07797E+04
 0.00000E+00 0.00000E+00 0.00000E+00 0.00000E+00 0.00000E+00
 0.00000E+00 0.00000E+00 0.00000E+00 4.57703E-01 1.09207E-03
 0.00000E+00 0.00000E+00 4.87000E+02 0.00000E+00
 4.85220E-01 5.00278E-01 4.67233E-01 2.22121E+04 2.17149E+04
 0.00000E+00 0.00000E+00 0.00000E+00 0.00000E+00 0.00000E+00
 0.00000E+00 0.00000E+00 0.00000E+00 4.57667E-01 1.10422E-03
 0.00000E+00 0.00000E+00 4.81000E+02 0.00000E+00
 4.77858E-01 4.34314E-01 4.87318E-01 2.25222E+04 2.25352E+04
 0.00000E+00 0.00000E+00 0.00000E+00 0.00000E+00 0.00000E+00
 0.00000E+00 0.00000E+00 0.00000E+00 4.57461E-01 1.08808E-03
 0.00000E+00 0.00000E+00 5.31000E+02 0.00000E+00
 4.64274E-01 4.02608E-01 4.78240E-01 2.18590E+04 2.17695E+04
 0.00000E+00 0.00000E+00 0.00000E+00 0.00000E+00 0.00000E+00
 0.00000E+00 0.00000E+00 0.00000E+00 4.57156E-01 1.08395E-03
 0.00000E+00 0.00000E+00 5.15000E+02 0.00000E+00
 4.62719E-01 4.56123E-01 4.73488E-01 2.16349E+04 2.14277E+04
 0.00000E+00 0.00000E+00 0.00000E+00 0.00000E+00 0.00000E+00
 0.00000E+00 0.00000E+00 0.00000E+00 4.57066E-01 1.10678E-03
 0.00000E+00 0.00000E+00 4.86000E+02 0.00000E+00
 4.34935E-01 4.48846E-01 4.70860E-01 2.13670E+04 2.15720E+04
 0.00000E+00 0.00000E+00 0.00000E+00 0.00000E+00 0.00000E+00
 0.00000E+00 0.00000E+00 0.00000E+00 4.56904E-01 1.11373E-03
 0.00000E+00 0.00000E+00 4.76000E+02 0.00000E+00
 4.40923E-01 4.91811E-01 4.50137E-01 1.99791E+04 2.03225E+04
 0.00000E+00 0.00000E+00 0.00000E+00 0.00000E+00 0.00000E+00
 0.00000E+00 0.00000E+00 0.00000E+00 4.56874E-01 1.12967E-03
 0.00000E+00 0.00000E+00 4.63000E+02 0.00000E+00
 4.81341E-01 4.92571E-01 4.43849E-01 1.89379E+04 1.92338E+04
 4.61132E-01 2.02090E-02 4.92191E-01 3.80017E-04 4.46993E-01
 3.14406E-03 0.00000E+00 0.00000E+00 4.56887E-01 1.14002E-03
 0.00000E+00 0.00000E+00 4.99000E+02 0.00000E+00
 4.46143E-01 4.75415E-01 4.35599E-01 1.95318E+04 1.96930E+04
 4.56136E-01 1.26925E-02 4.86599E-01 5.59616E-03 4.43195E-01
 4.20955E-03 0.00000E+00 0.00000E+00 4.56852E-01 1.14972E-03
 0.00000E+00 0.00000E+00 5.60000E+02 0.00000E+00
 4.20222E-01 4.67041E-01 4.57363E-01 2.14551E+04 2.12314E+04
 4.47157E-01 1.26949E-02 4.81710E-01 6.29004E-03 4.46737E-01
 4.62673E-03 4.51031E-01 2.66609E-02 4.56969E-01 1.14961E-03
 2.03071E+04 4.12219E+02 4.68000E+02 2.06933E+03
 4.44101E-01 4.62111E-01 4.64940E-01 2.20203E+04 2.17155E+04
 4.46546E-01 9.85239E-03 4.77790E-01 6.25323E-03 4.50378E-01
 5.10860E-03 4.60997E-01 9.62785E-03 4.57058E-01 1.15992E-03
 2.04101E+04 2.58230E+02 4.60000E+02 1.38935E+04
 4.51930E-01 4.90792E-01 4.40385E-01 2.03530E+04 1.99852E+04
 4.47443E-01 8.09433E-03 4.79957E-01 5.54661E-03 4.48712E-01
 4.49133E-03 4.61061E-01 7.66709E-03 4.57025E-01 1.17676E-03
 2.03305E+04 1.73079E+02 5.22000E+02 1.81293E+04
 4.51807E-01 4.52526E-01 4.37636E-01 1.93415E+04 1.92425E+04
 4.48067E-01 6.86930E-03 4.76038E-01 6.10997E-03 4.47130E-01
 4.11246E-03 4.51553E-01 6.86997E-03 4.57077E-01 1.18587E-03
 2.03168E+04 1.44205E+02 5.27000E+02 1.77589E+04
 4.51092E-01 4.74960E-01 4.45208E-01 2.00294E+04 2.03156E+04
 4.48445E-01 5.96099E-03 4.75903E-01 5.29310E-03 4.46890E-01
 3.56959E-03 4.51462E-01 6.02111E-03 4.57249E-01 1.18475E-03
 2.02898E+04 1.20732E+02 5.06000E+02 2.01723E+04
 4.63193E-01 5.11928E-01 4.33132E-01 1.88775E+04 1.86574E+04
 4.50083E-01 5.50657E-03 4.79906E-01 6.14918E-03 4.45361E-01
 3.49960E-03 4.51342E-01 4.91903E-03 4.57318E-01 1.19592E-03
 2.03001E+04 1.10849E+02 4.86000E+02 2.69920E+04
 4.52613E-01 4.99554E-01 4.45576E-01 2.14885E+04 2.10058E+04
 4.50336E-01 4.93172E-03 4.81871E-01 5.84040E-03 4.45383E-01
 3.13021E-03 4.50979E-01 4.57632E-03 4.57351E-01 1.20497E-03
 2.02397E+04 1.16297E+02 5.32000E+02 2.78428E+04
 4.64994E-01 4.55708E-01 4.62668E-01 2.13439E+04 2.13920E+04
 4.51669E-01 4.65568E-03 4.79492E-01 5.79357E-03 4.46954E-01
 3.23821E-03 4.55062E-01 3.63492E-03 4.57368E-01 1.21808E-03
 2.02704E+04 1.05369E+02 4.83000E+02 4.15721E+04
 4.57286E-01 4.37763E-01 4.77716E-01 2.17840E+04 2.17655E+04
 4.52137E-01 4.27574E-03 4.76015E-01 6.32960E-03 4.49517E-01
 3.91277E-03 4.57599E-01 2.80731E-03 4.57294E-01 1.23491E-03
 2.03577E+04 1.33197E+02 5.23000E+02 6.47396E+04
 4.75090E-01 4.86432E-01 4.49388E-01 2.06232E+04 2.06409E+04
 4.53903E-01 4.31123E-03 4.76816E-01 5.87727E-03 4.49508E-01
 3.59924E-03 4.58264E-01 2.68186E-03 4.57110E-01 1.25068E-03
 2.03025E+04 1.35741E+02 5.00000E+02 6.59771E+04
 4.54059E-01 5.27270E-01 4.32884E-01 1.96783E+04 1.95301E+04
 4.53914E-01 3.99144E-03 4.80420E-01 6.52651E-03 4.48320E-01
 3.53748E-03 4.57838E-01 2.54519E-03 4.57066E-01 1.26433E-03
 2.02423E+04 1.44639E+02 5.16000E+02 6.78684E+04
 4.53939E-01 4.80024E-01 4.41928E-01 2.07170E+04 2.05027E+04
 4.53915E-01 3.71583E-03 4.80394E-01 6.07591E-03 4.47894E-01
 3.32067E-03 4.57593E-01 2.43671E-03 4.57106E-01 1.27388E-03
 2.02116E+04 1.42795E+02 4.84000E+02 6.91371E+04
 4.59438E-01 4.47799E-01 4.42814E-01 1.98549E+04 1.99174E+04
 4.54261E-01 3.49293E-03 4.78357E-01 6.03757E-03 4.47577E-01
 3.12238E-03 4.56104E-01 2.35422E-03 4.57194E-01 1.28585E-03
 2.02075E+04 1.31810E+02 4.98000E+02 6.85309E+04
 4.49226E-01 4.49222E-01 4.34994E-01 1.97289E+04 1.96077E+04
 4.53964E-01 3.29438E-03 4.76643E-01 5.92460E-03 4.46836E-01
 3.02492E-03 4.54645E-01 2.50886E-03 4.57347E-01 1.29593E-03
 2.01933E+04 1.24540E+02 5.17000E+02 5.60642E+04
 4.61826E-01 4.42472E-01 4.61296E-01 2.15188E+04 2.14805E+04
 4.54401E-01 3.13652E-03 4.74744E-01 5.89954E-03 4.47640E-01
 2.96290E-03 4.55023E-01 2.21977E-03 4.57611E-01 1.28443E-03
 2.02101E+04 1.19382E+02 4.75000E+02 6.78230E+04
 4.46341E-01 4.40651E-01 4.59806E-01 2.05374E+04 2.04626E+04
 4.53977E-01 2.99703E-03 4.72950E-01 5.86180E-03 4.48280E-01
 2.87484E-03 4.54762E-01 2.01857E-03 4.57592E-01 1.30784E-03
 2.02219E+04 1.13497E+02 5.17000E+02 7.73659E+04
 4.58034E-01 4.67077E-01 4.57396E-01 2.04557E+04 2.06168E+04
 4.54180E-01 2.85046E-03 4.72656E-01 5.56874E-03 4.48736E-01
 2.76514E-03 4.55077E-01 1.92914E-03 4.57652E-01 1.33085E-03
 2.02499E+04 1.08945E+02 4.77000E+02 8.07720E+04
 4.57193E-01 4.70795E-01 4.51219E-01 2.04336E+04 2.07161E+04
 4.54323E-01 2.71512E-03 4.72568E-01 5.29767E-03 4.48854E-01
 2.63283E-03 4.55168E-01 1.84168E-03 4.57631E-01 1.35263E-03
 2.02303E+04 1.05063E+02 5.02000E+02 8.44360E+04
 4.67513E-01 4.81600E-01 4.40502E-01 1.92788E+04 1.94058E+04
 4.54923E-01 2.65728E-03 4.72978E-01 5.06779E-03 4.48474E-01
 2.53885E-03 4.55189E-01 1.77663E-03 4.57668E-01 1.37372E-03
 2.02136E+04 9.99617E+01 4.71000E+02 8.68100E+04
 4.69023E-01 4.65082E-01 4.75409E-01 2.14502E+04 2.14348E+04
 4.55536E-01 2.61208E-03 4.72635E-01 4.85460E-03 4.49646E-01
 2.69383E-03 4.56451E-01 1.89072E-03 4.57755E-01 1.39075E-03
 2.02781E+04 1.14932E+02 4.61000E+02 7.41584E+04
 4.59082E-01 4.39448E-01 4.56501E-01 2.02021E+04 2.02067E+04
 4.55684E-01 2.50524E-03 4.71252E-01 4.84926E-03 4.49931E-01
 2.59492E-03 4.56193E-01 1.75468E-03 4.57478E-01 1.39000E-03
 2.03093E+04 1.12858E+02 4.84000E+02 8.23217E+04
 4.71977E-01 4.34764E-01 4.78828E-01 2.07006E+04 2.09733E+04
 4.56335E-01 2.48976E-03 4.69793E-01 4.87486E-03 4.51087E-01
 2.74425E-03 4.57095E-01 1.66275E-03 4.57536E-01 1.41708E-03
 2.03590E+04 1.16666E+02 4.77000E+02 8.86677E+04
 4.61599E-01 4.84923E-01 4.43167E-01 2.05466E+04 2.04203E+04
 4.56538E-01 2.40064E-03 4.70375E-01 4.71963E-03 4.50782E-01
 2.65413E-03 4.57121E-01 1.61711E-03 4.57214E-01 1.42550E-03
 2.03548E+04 1.12174E+02 5.06000E+02 9.00875E+04
 4.59948E-01 4.52922E-01 4.46299E-01 1.93501E+04 1.99184E+04
 4.56664E-01 2.31346E-03 4.69728E-01 4.58724E-03 4.50616E-01
 2.55933E-03 4.56851E-01 1.57077E-03 4.57295E-01 1.44477E-03
 2.03338E+04 1.09873E+02 5.01000E+02 9.16934E+04
 4.60770E-01 4.95477E-01 4.80705E-01 2.20455E+04 2.19680E+04
 4.56811E-01 2.23412E-03 4.70648E-01 4.51502E-03 4.51691E-01
 2.69018E-03 4.57617E-01 1.77288E-03 4.57447E-01 1.46573E-03
 2.03545E+04 1.09288E+02 5.24000E+02 6.96186E+04
 4.44473E-01 4.86678E-01 4.59483E-01 2.05933E+04 2.01968E+04
 4.56385E-01 2.19729E-03 4.71201E-01 4.39147E-03 4.51960E-01
 2.60962E-03 4.57674E-01 1.73055E-03 4.57075E-01 1.42091E-03
 2.03804E+04 1.07238E+02 4.90000E+02 7.06351E+04
 4.65912E-01 4.71374E-01 4.68561E-01 2.07991E+04 2.07418E+04
 4.56703E-01 2.14640E-03 4.71206E-01 4.24257E-03 4.52513E-01
 2.58115E-03 4.58124E-01 1.71681E-03 4.56995E-01 1.44267E-03
 2.04026E+04 1.05772E+02 4.62000E+02 6.96793E+04
 4.74904E-01 4.39140E-01 4.70560E-01 2.17078E+04 2.16242E+04
 4.57290E-01 2.15744E-03 4.70172E-01 4.23180E-03 4.53095E-01
 2.56348E-03 4.58554E-01 1.62683E-03 4.56760E-01 1.45161E-03
 2.04114E+04 1.03104E+02 5.36000E+02 7.51580E+04
 4.76927E-01 5.44781E-01 4.52872E-01 2.13180E+04 2.13251E+04
 4.57904E-01 2.17720E-03 4.72503E-01 4.71432E-03 4.53088E-01
 2.48209E-03 4.58397E-01 1.80150E-03 4.56526E-01 1.47256E-03
 2.03941E+04 1.04749E+02 5.01000E+02 5.92863E+04
 4.59170E-01 4.66155E-01 4.62682E-01 2.07737E+04 2.06274E+04
 4.57942E-01 2.11054E-03 4.72311E-01 4.57328E-03 4.53379E-01
 2.42320E-03 4.58535E-01 1.74464E-03 4.56354E-01 1.46757E-03
 2.04092E+04 1.02313E+02 4.79000E+02 6.13986E+04
 4.55756E-01 4.95250E-01 4.51400E-01 1.95720E+04 1.94583E+04
 4.57878E-01 2.04854E-03 4.72986E-01 4.48774E-03 4.53321E-01
 2.35157E-03 4.58576E-01 1.71301E-03 4.56217E-01 1.49243E-03
 2.04125E+04 9.85737E+01 4.62000E+02 6.19808E+04
 4.35854E-01 4.70730E-01 4.52438E-01 2.08769E+04 2.04677E+04
 4.57249E-01 2.08630E-03 4.72921E-01 4.35811E-03 4.53296E-01
 2.28353E-03 4.58367E-01 1.69762E-03 4.56162E-01 1.52037E-03
 2.04127E+04 9.60653E+01 4.98000E+02 6.12149E+04
 4.19799E-01 4.49337E-01 4.24284E-01 1.85685E+04 1.88677E+04
 4.56208E-01 2.27881E-03 4.72266E-01 4.28569E-03 4.52490E-01
 2.36099E-03 4.57684E-01 1.95338E-03 4.56220E-01 1.55290E-03
 2.03769E+04 9.76112E+01 4.88000E+02 4.47785E+04
 4.84099E-01 4.89706E-01 4.44148E-01 1.99383E+04 2.00345E+04
 4.56962E-01 2.34105E-03 4.72738E-01 4.19481E-03 4.52264E-01
 2.30733E-03 4.57829E-01 1.92664E-03 4.56860E-01 1.43260E-03
 2.03610E+04 9.62390E+01 4.87000E+02 4.48655E+04
 4.44722E-01 4.27692E-01 4.69100E-01 2.17504E+04 2.18948E+04
 4.56640E-01 2.30126E-03 4.71552E-01 4.25153E-03 4.52707E-01
 2.28907E-03 4.57638E-01 1.82913E-03 4.56857E-01 1.46455E-03
 2.03732E+04 9.49950E+01 6.02000E+02 4.81477E+04
 4.71058E-01 4.96029E-01 4.62009E-01 2.12065E+04 2.09366E+04
 4.57010E-01 2.27176E-03 4.72180E-01 4.18837E-03 4.52946E-01
 2.24233E-03 4.57901E-01 1.84270E-03 4.56792E-01 1.50128E-03
 2.03835E+04 9.33515E+01 4.73000E+02 4.63475E+04
 4.44464E-01 4.53358E-01 4.47558E-01 1.99461E+04 2.00681E+04
 4.56696E-01 2.23634E-03 4.71709E-01 4.10935E-03 4.52811E-01
 2.18970E-03 4.57603E-01 1.81767E-03 4.56525E-01 1.50932E-03
 2.03780E+04 9.09276E+01 5.39000E+02 4.62720E+04
 4.52323E-01 4.43568E-01 4.49420E-01 2.04420E+04 1.99908E+04
 4.56589E-01 2.18372E-03 4.71023E-01 4.06622E-03 4.52728E-01
 2.13722E-03 4.57290E-01 1.77433E-03 4.56741E-01 1.53190E-03
 2.03788E+04 8.87663E+01 4.80000E+02 4.72848E+04
 4.65799E-01 4.23672E-01 4.74385E-01 2.13844E+04 2.15053E+04
 4.56809E-01 2.14235E-03 4.69895E-01 4.12527E-03 4.53244E-01
 2.14851E-03 4.57533E-01 1.68206E-03 4.56938E-01 1.55895E-03
 2.03995E+04 8.90261E+01 5.10000E+02 5.13960E+04
 4.68036E-01 4.40022E-01 4.56568E-01 2.13185E+04 2.10881E+04
 4.57070E-01 2.10816E-03 4.69201E-01 4.08766E-03 4.53321E-01
 2.09937E-03 4.57481E-01 1.62253E-03 4.56682E-01 1.58560E-03
 2.04025E+04 8.72913E+01 5.32000E+02 5.38415E+04
 4.47823E-01 4.69779E-01 4.49028E-01 1.98405E+04 1.98217E+04
 4.56860E-01 2.07038E-03 4.69214E-01 3.99370E-03 4.53224E-01
 2.05342E-03 4.57387E-01 1.59486E-03 4.56694E-01 1.63245E-03
 2.04015E+04 8.50330E+01 5.05000E+02 5.44128E+04
 4.56830E-01 4.98153E-01 4.63077E-01 2.01107E+04 2.02857E+04
 4.56859E-01 2.02385E-03 4.69857E-01 3.95656E-03 4.53443E-01
 2.01918E-03 4.57543E-01 1.59515E-03 4.56830E-01 1.67049E-03
 2.04125E+04 8.32975E+01 4.85000E+02 5.32877E+04
 4.52917E-01 5.17642E-01 4.43421E-01 1.94656E+04 1.94621E+04
 4.56773E-01 1.98122E-03 4.70896E-01 4.00660E-03 4.53225E-01
 1.98678E-03 4.57547E-01 1.57788E-03 4.56558E-01 1.69073E-03
 2.04068E+04 8.14499E+01 4.85000E+02 5.33288E+04
 4.48369E-01 4.08280E-01 4.53292E-01 2.03719E+04 2.02577E+04
 4.56594E-01 1.94684E-03 4.69563E-01 4.14060E-03 4.53226E-01
 1.94405E-03 4.56985E-01 1.54514E-03 4.56593E-01 1.74298E-03
 2.04147E+04 8.00894E+01 4.85000E+02 5.41801E+04
 4.51404E-01 4.85359E-01 4.40162E-01 1.98988E+04 2.01088E+04
 4.56486E-01 1.90891E-03 4.69893E-01 4.06676E-03 4.52954E-01
 1.92248E-03 4.56911E-01 1.52934E-03 4.56911E-01 1.76276E-03
 2.03935E+04 8.09548E+01 5.08000E+02 5.41457E+04
 4.43818E-01 5.01581E-01 4.39252E-01 1.96661E+04 1.97520E+04
 4.56228E-01 1.88734E-03 4.70539E-01 4.03506E-03 4.52674E-01
 1.90348E-03 4.56878E-01 1.51684E-03 4.57173E-01 1.80105E-03
 2.03850E+04 7.95764E+01 5.00000E+02 5.39393E+04
 4.38810E-01 4.32115E-01 4.49719E-01 2.11470E+04 2.14212E+04
 4.55879E-01 1.88173E-03 4.69771E-01 4.02753E-03 4.52615E-01
 1.86596E-03 4.56490E-01 1.50542E-03 4.57542E-01 1.85077E-03
 2.03809E+04 7.81847E+01 4.88000E+02 5.34980E+04
 4.62560E-01 4.76341E-01 4.42851E-01 1.95114E+04 1.93177E+04
 4.56010E-01 1.84911E-03 4.69900E-01 3.94987E-03 4.52424E-01
 1.83900E-03 4.56450E-01 1.48223E-03 4.57916E-01 1.86687E-03
 2.03735E+04 7.68519E+01 5.11000E+02 5.40883E+04
 4.62315E-01 4.74862E-01 4.56659E-01 1.99278E+04 2.00006E+04
 4.56132E-01 1.81725E-03 4.69995E-01 3.87434E-03 4.52505E-01
 1.80513E-03 4.56544E-01 1.45984E-03 4.58239E-01 1.92078E-03
 2.03826E+04 7.56425E+01 4.90000E+02 5.47473E+04
 4.81254E-01 4.61247E-01 4.56227E-01 2.01914E+04 1.99647E+04
 4.56606E-01 1.84458E-03 4.69830E-01 3.80412E-03 4.52575E-01
 1.77213E-03 4.56718E-01 1.43571E-03 4.58188E-01 2.00344E-03
 2.03897E+04 7.45841E+01 4.80000E+02 5.56331E+04
 4.66397E-01 4.96062E-01 4.64632E-01 2.02242E+04 2.03767E+04
 4.56787E-01 1.81916E-03 4.70316E-01 3.76449E-03 4.52799E-01
 1.75328E-03 4.56918E-01 1.44626E-03 4.58084E-01 2.08185E-03
 2.04002E+04 7.37499E+01 5.05000E+02 5.38798E+04
 4.45641E-01 4.20695E-01 4.59644E-01 1.99275E+04 2.01437E+04
 4.56584E-01 1.79724E-03 4.69414E-01 3.80394E-03 4.52923E-01
 1.72560E-03 4.56669E-01 1.40703E-03 4.57534E-01 2.14894E-03
 2.04104E+04 7.29730E+01 4.91000E+02 5.57539E+04
 4.77613E-01 4.31430E-01 4.67208E-01 2.14233E+04 2.16890E+04
 4.56960E-01 1.80436E-03 4.68735E-01 3.79648E-03 4.53178E-01
 1.71360E-03 4.56883E-01 1.37003E-03 4.57681E-01 2.20248E-03
 2.04188E+04 7.20104E+01 4.71000E+02 5.78592E+04
 4.71656E-01 4.61307E-01 4.63853E-01 2.16256E+04 2.11062E+04
 4.57218E-01 1.79107E-03 4.68605E-01 3.73156E-03 4.53366E-01
 1.69366E-03 4.57063E-01 1.35226E-03 4.57473E-01 2.26044E-03
 2.04227E+04 7.09963E+01 5.28000E+02 5.83583E+04
 4.72067E-01 4.30811E-01 4.79451E-01 2.17425E+04 2.18646E+04
 4.57474E-01 1.77845E-03 4.67953E-01 3.72411E-03 4.53815E-01
 1.72390E-03 4.57410E-01 1.32731E-03 4.57130E-01 2.33973E-03
 2.04365E+04 7.11117E+01 5.02000E+02 5.96485E+04
 4.63939E-01 4.99106E-01 4.75278E-01 2.12762E+04 2.14126E+04
 4.57583E-01 1.75147E-03 4.68481E-01 3.69833E-03 4.54179E-01
 1.73304E-03 4.57710E-01 1.35711E-03 4.56516E-01 2.28581E-03
 2.04529E+04 7.16895E+01 5.02000E+02 5.62004E+04
 4.53288E-01 4.69658E-01 4.60595E-01 2.05469E+04 2.03959E+04
 4.57512E-01 1.72352E-03 4.68501E-01 3.63622E-03 4.54286E-01
 1.70726E-03 4.57755E-01 1.33517E-03 4.55584E-01 2.20453E-03
 2.04557E+04 7.05445E+01 4.96000E+02 5.71066E+04
 4.73846E-01 4.45859E-01 4.70624E-01 2.08360E+04 2.06501E+04
 4.57779E-01 1.71605E-03 4.68130E-01 3.59533E-03 4.54554E-01
 1.70027E-03 4.57971E-01 1.31412E-03 4.55309E-01 2.31635E-03
 2.04685E+04 7.06789E+01 5.07000E+02 5.80302E+04
 4.58713E-01 4.63220E-01 4.62627E-01 2.17053E+04 2.12479E+04
 4.57794E-01 1.68822E-03 4.68051E-01 3.53775E-03 4.54684E-01
 1.67768E-03 4.58040E-01 1.29257E-03 4.54712E-01 2.30414E-03
 2.04711E+04 6.97717E+01 5.21000E+02 5.90136E+04
 4.74153E-01 4.58988E-01 4.57563E-01 2.05510E+04 2.07324E+04
 4.58054E-01 1.68137E-03 4.67907E-01 3.48411E-03 4.54730E-01
 1.65147E-03 4.58113E-01 1.27267E-03 4.54303E-01 2.40311E-03
 2.04717E+04 6.85653E+01 4.50000E+02 5.99987E+04
 4.67014E-01 4.53494E-01 4.49718E-01 1.96651E+04 1.98886E+04
 4.58194E-01 1.66081E-03 4.67682E-01 3.43663E-03 4.54651E-01
 1.62735E-03 4.58061E-01 1.25364E-03 4.53895E-01 2.52745E-03
 2.04700E+04 6.73789E+01 5.14000E+02 6.08218E+04
 4.50951E-01 4.58467E-01 4.55389E-01 2.04091E+04 2.02292E+04
 4.58083E-01 1.63885E-03 4.67540E-01 3.38631E-03 4.54663E-01
 1.60215E-03 4.58004E-01 1.23401E-03 4.53916E-01 2.72723E-03
 2.04697E+04 6.63662E+01 4.91000E+02 6.17844E+04
 4.71857E-01 4.73503E-01 4.70545E-01 2.13041E+04 2.14571E+04
 4.58291E-01 1.62726E-03 4.67630E-01 3.33583E-03 4.54903E-01
 1.59594E-03 4.58230E-01 1.23417E-03 4.53863E-01 2.92869E-03
 2.04777E+04 6.57757E+01 4.67000E+02 6.09775E+04
 4.67863E-01 4.66929E-01 4.44035E-01 1.91161E+04 1.92118E+04
 4.58434E-01 1.60915E-03 4.67620E-01 3.28568E-03 4.54741E-01
 1.58029E-03 4.58187E-01 1.22051E-03 4.52564E-01 2.81562E-03
 2.04705E+04 6.51031E+01 5.34000E+02 6.13613E+04
 4.38899E-01 4.57192E-01 4.51715E-01 2.01660E+04 1.98395E+04
 4.58147E-01 1.61113E-03 4.67466E-01 3.24063E-03 4.54697E-01
 1.55751E-03 4.58040E-01 1.20916E-03 4.52731E-01 3.15920E-03
 2.04761E+04 6.45437E+01 4.86000E+02 6.15364E+04
 4.48567E-01 4.50305E-01 4.56270E-01 2.05954E+04 2.07145E+04
 4.58008E-01 1.59366E-03 4.67218E-01 3.20299E-03 4.54720E-01
 1.53494E-03 4.57953E-01 1.19087E-03 4.53001E-01 3.43028E-03
 2.04783E+04 6.35798E+01 4.42000E+02 6.25411E+04
 4.55291E-01 4.22921E-01 4.38404E-01 1.86562E+04 1.86614E+04
 4.57969E-01 1.57121E-03 4.66585E-01 3.21970E-03 4.54486E-01
 1.53070E-03 4.57635E-01 1.20257E-03 4.52900E-01 3.78004E-03
 2.04759E+04 6.27785E+01 5.04000E+02 6.02999E+04
 4.42555E-01 4.93265E-01 4.44491E-01 2.05246E+04 2.01764E+04
 4.57752E-01 1.56407E-03 4.66961E-01 3.19620E-03 4.54346E-01
 1.51554E-03 4.57591E-01 1.19305E-03 4.54657E-01 3.92737E-03
 2.04735E+04 6.20461E+01 5.08000E+02 6.03315E+04
 4.48724E-01 4.55808E-01 4.62673E-01 2.05829E+04 2.07041E+04
 4.57627E-01 1.54728E-03 4.66806E-01 3.15530E-03 4.54461E-01
 1.49881E-03 4.57590E-01 1.17285E-03 4.55478E-01 4.70279E-03
 2.04771E+04 6.12172E+01 4.61000E+02 6.15824E+04
 4.50962E-01 4.51242E-01 4.73853E-01 2.17858E+04 2.18236E+04
 4.57535E-01 1.52867E-03 4.66592E-01 3.11907E-03 4.54727E-01
 1.50182E-03 4.57700E-01 1.15335E-03 4.54723E-01 5.41434E-03
 2.04851E+04 6.07655E+01 5.07000E+02 6.28369E+04
 4.56334E-01 4.56531E-01 4.53009E-01 2.05180E+04 2.08114E+04
 4.57519E-01 1.50795E-03 4.66457E-01 3.07964E-03 4.54704E-01
 1.48157E-03 4.57654E-01 1.13793E-03 4.52648E-01 5.31455E-03
 2.04778E+04 6.01788E+01 5.14000E+02 6.36371E+04
 4.03387E-01 3.90256E-01 4.47991E-01 1.95780E+04 1.97027E+04
 4.56797E-01 1.65355E-03 4.65441E-01 3.20367E-03 4.54614E-01
 1.46442E-03 4.56963E-01 1.19483E-03 4.52464E-01 6.82389E-03
 2.04816E+04 5.94952E+01 5.19000E+02 5.65858E+04
 4.50621E-01 4.37913E-01 4.75498E-01 2.18065E+04 2.19315E+04
 4.56716E-01 1.63367E-03 4.65078E-01 3.18192E-03 4.54889E-01
 1.47091E-03 4.57083E-01 1.17640E-03 4.54581E-01 4.81450E-03
 2.04931E+04 5.96788E+01 4.21000E+02 5.76785E+04
 4.60435E-01 4.56260E-01 4.61550E-01 2.12884E+04 2.10754E+04
 4.56765E-01 1.61304E-03 4.64964E-01 3.14241E-03 4.54976E-01
 1.45426E-03 4.57132E-01 1.16021E-03 4.51756E-01 7.61108E-03
 2.04958E+04 5.89845E+01 5.40000E+02 5.84835E+04
 4.42040E-01 4.39230E-01 4.44337E-01 2.00480E+04 2.01137E+04
 4.56576E-01 1.60337E-03 4.64634E-01 3.11936E-03 4.54839E-01
 1.44196E-03 4.56926E-01 1.15982E-03 0.00000E+00 0.00000E+00
 2.04924E+04 5.82995E+01 4.88000E+02 5.76823E+04
 4.79510E-01 4.37862E-01 4.52428E-01 2.06292E+04 2.04054E+04
 4.56866E-01 1.60935E-03 4.64295E-01 3.09821E-03 4.54809E-01
 1.42392E-03 4.56909E-01 1.14051E-03 0.00000E+00 0.00000E+00
 2.04939E+04 5.76139E+01 4.84000E+02 5.88886E+04
 4.56163E-01 4.77127E-01 4.45664E-01 1.93388E+04 1.92001E+04
 4.56857E-01 1.58913E-03 4.64455E-01 3.06344E-03 4.54694E-01
 1.41064E-03 4.56874E-01 1.12967E-03 0.00000E+00 0.00000E+00
 2.04905E+04 5.70638E+01 5.54000E+02 5.92075E+04
